252 43 1
41 43 1
41 252 1
40 43 1
44 43 1
44 40 1
361 360 1
358 360 1
358 361 1
356 359 1
357 359 1
357 356 1
293 359 1
293 356 1
293 357 1
292 40 1
295 292 1
295 40 1
294 292 1
294 295 1
294 40 1
294 44 1
296 292 1
296 295 1
296 294 1
296 40 1
296 44 1
296 43 1
288 292 1
291 292 1
291 288 1
290 292 1
285 292 1
285 290 1
173 222 1
172 222 1
172 173 1
171 222 1
171 173 1
171 172 1
175 170 1
175 358 1
174 170 1
174 175 1
111 170 1
111 175 1
111 174 1
55 288 1
56 57 1
59 57 1
59 56 1
58 57 1
58 56 1
58 59 1
58 222 1
54 57 1
54 56 1
54 59 1
54 58 1
53 57 1
53 59 1
53 58 1
39 57 1
39 53 1
39 59 1
39 58 1
306 307 1
200 199 1
200 175 1
203 202 1
204 202 1
204 203 1
83 40 1
83 43 1
83 44 1
82 40 1
82 44 1
82 294 1
82 296 1
81 40 1
81 44 1
81 82 1
81 294 1
81 296 1
86 40 1
86 44 1
86 82 1
86 81 1
86 294 1
86 296 1
84 85 1
74 172 1
350 74 1
350 172 1
350 59 1
350 57 1
349 74 1
349 172 1
349 350 1
349 203 1
351 74 1
224 172 1
354 172 1
354 224 1
247 246 1
146 288 1
146 291 1
149 146 1
144 146 1
144 149 1
23 40 1
22 358 1
25 22 1
25 358 1
24 22 1
24 25 1
24 358 1
19 22 1
19 358 1
164 83 1
256 356 1
256 84 1
257 256 1
257 356 1
201 256 1
201 257 1
201 356 1
205 256 1
205 201 1
337 256 1
337 205 1
337 201 1
336 256 1
336 205 1
336 337 1
335 256 1
335 205 1
335 337 1
335 336 1
334 256 1
334 84 1
333 256 1
333 337 1
333 205 1
333 201 1
332 350 1
332 59 1
332 57 1
332 349 1
61 63 1
62 63 1
62 61 1
62 171 1
223 257 1
223 256 1
223 201 1
221 257 1
221 256 1
221 223 1
221 201 1
275 276 1
280 276 1
280 275 1
279 276 1
279 275 1
279 280 1
278 276 1
278 275 1
278 280 1
278 279 1
277 276 1
277 275 1
277 280 1
277 279 1
277 278 1
282 276 1
282 275 1
282 280 1
282 279 1
282 278 1
282 277 1
281 276 1
281 275 1
281 280 1
281 279 1
281 278 1
281 277 1
281 282 1
28 27 1
29 27 1
29 28 1
265 30 1
264 30 1
264 265 1
264 175 1
264 350 1
267 30 1
267 265 1
267 264 1
266 30 1
266 265 1
266 264 1
266 267 1
269 30 1
269 265 1
269 264 1
269 267 1
269 266 1
268 30 1
268 265 1
268 264 1
268 267 1
268 266 1
268 269 1
318 164 1
318 350 1
318 349 1
318 246 1
319 318 1
319 164 1
320 318 1
320 164 1
320 319 1
321 318 1
321 319 1
322 175 1
323 322 1
323 175 1
324 322 1
324 323 1
324 175 1
324 279 1
324 278 1
324 282 1
316 322 1
316 323 1
316 324 1
316 175 1
317 322 1
317 175 1
317 316 1
213 58 1
213 222 1
215 164 1
215 318 1
215 246 1
214 164 1
214 215 1
214 318 1
158 157 1
158 43 1
159 157 1
159 158 1
160 157 1
160 158 1
160 159 1
49 349 1
48 49 1
48 349 1
6 5 1
6 336 1
6 205 1
1 5 1
1 6 1
2 221 1
2 256 1
3 2 1
3 221 1
3 256 1
4 2 1
4 3 1
4 221 1
4 256 1
100 175 1
99 100 1
99 175 1
99 317 1
101 40 1
103 101 1
103 40 1
102 101 1
102 103 1
102 40 1
98 101 1
98 103 1
98 102 1
95 28 1
95 29 1
94 95 1
94 28 1
94 29 1
94 158 1
94 159 1
94 43 1
93 95 1
93 94 1
93 28 1
93 29 1
92 95 1
92 94 1
92 28 1
92 93 1
92 29 1
91 95 1
91 94 1
91 28 1
91 93 1
91 29 1
91 92 1
207 94 1
207 158 1
207 159 1
208 94 1
208 158 1
309 358 1
308 309 1
36 37 1
36 171 1
131 267 1
242 243 1
245 243 1
245 242 1
244 243 1
244 242 1
244 245 1
244 318 1
240 40 1
364 240 1
241 240 1
241 364 1
375 374 1
375 335 1
375 205 1
378 374 1
378 375 1
372 40 1
371 40 1
371 296 1
370 371 1
370 40 1
370 296 1
87 317 1
87 175 1
88 87 1
88 317 1
89 87 1
90 87 1
90 317 1
212 320 1
233 350 1
234 233 1
231 233 1
231 234 1
232 233 1
232 231 1
229 23 1
229 40 1
369 229 1
369 23 1
369 40 1
373 229 1
373 369 1
373 23 1
373 40 1
123 124 1
126 124 1
126 123 1
126 3 1
126 256 1
126 349 1
126 350 1
126 332 1
125 124 1
125 123 1
125 126 1
125 349 1
125 350 1
125 332 1
125 203 1
125 351 1
189 188 1
189 288 1
189 291 1
189 160 1
190 200 1
191 190 1
191 200 1
60 190 1
60 191 1
60 200 1
328 40 1
328 294 1
328 44 1
328 81 1
328 296 1
328 82 1
328 86 1
161 328 1
161 40 1
161 294 1
161 44 1
161 81 1
161 296 1
161 82 1
161 86 1
220 264 1
220 266 1
219 220 1
219 264 1
218 220 1
218 264 1
114 84 1
112 114 1
112 84 1
113 114 1
113 112 1
113 84 1
130 119 1
130 324 1
128 119 1
128 130 1
14 119 1
14 130 1
14 128 1
15 28 1
15 93 1
15 29 1
18 158 1
18 207 1
18 358 1
355 361 1
72 355 1
72 361 1
73 355 1
73 361 1
71 355 1
71 361 1
71 73 1
239 246 1
239 215 1
239 318 1
239 244 1
365 239 1
365 246 1
365 215 1
365 318 1
46 239 1
45 175 1
47 175 1
148 44 1
145 148 1
142 148 1
142 145 1
142 44 1
142 288 1
142 291 1
143 148 1
143 145 1
143 142 1
143 44 1
140 148 1
140 142 1
140 143 1
141 148 1
141 44 1
141 142 1
141 143 1
272 123 1
272 126 1
273 36 1
274 273 1
274 36 1
80 290 1
180 5 1
184 181 1
185 181 1
185 184 1
182 181 1
182 184 1
182 185 1
183 181 1
183 184 1
183 185 1
183 182 1
183 205 1
183 6 1
186 181 1
186 184 1
186 185 1
186 182 1
186 183 1
106 59 1
107 106 1
107 59 1
108 106 1
108 59 1
108 107 1
104 58 1
104 57 1
104 59 1
104 53 1
105 58 1
105 222 1
105 172 1
105 171 1
11 58 1
11 105 1
11 222 1
10 185 1
9 185 1
9 10 1
8 185 1
8 10 1
8 9 1
7 185 1
7 10 1
7 9 1
7 8 1
348 84 1
348 113 1
227 172 1
226 227 1
226 172 1
331 36 1
331 171 1
228 36 1
327 44 1
327 175 1
326 327 1
326 222 1
326 171 1
330 327 1
330 326 1
330 222 1
330 171 1
329 327 1
329 175 1
329 99 1
260 327 1
260 44 1
261 327 1
261 44 1
258 327 1
258 261 1
258 44 1
259 327 1
259 261 1
259 258 1
259 44 1
262 327 1
262 261 1
262 200 1
263 327 1
263 262 1
263 261 1
263 200 1
167 203 1
167 202 1
166 167 1
166 203 1
166 202 1
169 167 1
169 166 1
169 203 1
169 202 1
168 167 1
168 166 1
168 203 1
168 169 1
168 202 1
163 261 1
163 141 1
163 142 1
162 163 1
162 261 1
162 262 1
162 327 1
162 263 1
165 163 1
165 261 1
165 162 1
217 3 1
217 256 1
217 126 1
216 44 1
216 40 1
216 296 1
325 44 1
325 43 1
325 296 1
325 40 1
50 47 1
50 175 1
152 142 1
154 152 1
154 142 1
153 142 1
153 44 1
156 99 1
155 156 1
155 99 1
253 261 1
253 262 1
253 327 1
253 263 1
253 162 1
254 148 1
254 142 1
254 143 1
254 288 1
254 291 1
255 94 1
255 43 1
255 158 1
42 324 1
42 279 1
42 278 1
42 282 1
96 288 1
96 291 1
77 275 1
77 279 1
77 278 1
77 282 1
78 275 1
78 279 1
78 278 1
78 77 1
78 282 1
362 19 1
363 362 1
363 19 1
249 125 1
249 349 1
248 249 1
248 125 1
248 349 1
139 330 1
139 326 1
139 222 1
139 171 1
304 302 1
304 375 1
304 374 1
305 302 1
305 304 1
305 375 1
303 302 1
303 304 1
122 175 1
121 292 1
121 40 1
342 203 1
342 204 1
206 203 1
206 204 1
206 342 1
343 203 1
343 204 1
343 342 1
343 206 1
339 294 1
338 339 1
338 294 1
341 320 1
340 341 1
230 60 1
230 200 1
225 316 1
177 225 1
177 316 1
176 333 1
176 201 1
176 256 1
17 264 1
16 222 1
138 16 1
138 222 1
13 126 1
12 126 1
12 13 1
151 126 1
151 12 1
151 349 1
150 126 1
150 12 1
270 375 1
270 374 1
270 304 1
271 375 1
271 304 1
271 305 1
147 175 1
20 175 1
20 147 1
21 175 1
21 327 1
115 141 1
115 163 1
115 142 1
115 44 1
118 363 1
118 19 1
117 118 1
117 363 1
117 19 1
116 118 1
116 117 1
116 363 1
116 19 1
26 118 1
26 19 1
26 363 1
178 336 1
178 6 1
178 205 1
178 183 1
352 306 1
352 144 1
353 306 1
353 352 1
70 175 1
69 350 1
69 59 1
120 350 1
120 264 1
346 119 1
346 130 1
346 128 1
347 346 1
347 119 1
347 130 1
347 128 1
345 319 1
344 158 1
344 159 1
65 296 1
65 44 1
65 325 1
65 40 1
64 65 1
64 296 1
64 44 1
64 325 1
64 40 1
66 175 1
68 66 1
68 175 1
67 66 1
67 68 1
67 175 1
237 49 1
238 237 1
238 49 1
235 237 1
235 49 1
235 238 1
236 237 1
236 49 1
236 238 1
236 235 1
129 233 1
129 350 1
137 82 1
137 296 1
137 40 1
136 82 1
136 137 1
136 296 1
136 40 1
38 189 1
310 262 1
310 263 1
310 200 1
179 101 1
179 103 1
179 102 1
76 178 1
76 205 1
75 76 1
75 178 1
75 205 1
368 101 1
368 103 1
368 40 1
368 102 1
197 198 1
196 198 1
196 197 1
195 198 1
195 197 1
195 196 1
195 294 1
194 198 1
194 197 1
194 196 1
194 195 1
132 125 1
133 264 1
133 350 1
133 120 1
134 264 1
135 264 1
135 134 1
97 102 1
127 97 1
127 102 1
379 358 1
379 309 1
376 358 1
376 379 1
376 309 1
377 358 1
210 19 1
211 210 1
211 19 1
209 160 1
209 189 1
314 178 1
314 205 1
314 6 1
314 183 1
313 314 1
313 178 1
313 205 1
313 6 1
313 183 1
312 314 1
312 178 1
312 313 1
312 205 1
312 6 1
312 183 1
311 314 1
311 178 1
311 313 1
311 205 1
311 6 1
311 312 1
311 183 1
35 158 1
35 207 1
34 35 1
34 158 1
34 207 1
33 35 1
33 34 1
33 158 1
33 207 1
32 35 1
32 34 1
32 158 1
32 33 1
32 207 1
31 35 1
31 34 1
31 158 1
31 33 1
31 207 1
31 32 1
297 144 1
297 352 1
298 144 1
298 297 1
298 352 1
299 144 1
299 297 1
299 352 1
299 298 1
300 320 1
300 341 1
301 300 1
301 320 1
301 341 1
250 266 1
250 264 1
251 256 1
193 125 1
193 203 1
193 349 1
192 288 1
192 291 1
52 294 1
52 195 1
51 294 1
51 52 1
51 195 1
79 294 1
79 52 1
79 195 1
79 51 1
110 59 1
109 110 1
109 59 1
315 296 1
315 40 1
187 316 1
284 44 1
284 40 1
284 296 1
283 284 1
283 44 1
283 40 1
287 274 1
286 287 1
286 274 1
289 287 1
289 274 1
289 286 1
366 178 1
366 205 1
367 366 1
367 178 1
367 205 1
